   0.00000000000000000000         1.10000002384185791016         0.00000000000000000000      
   0.00000000000000000000         1.09965263204595837805         2.76431055868193630684E-0002
   0.00000000000000000000         1.09861067607836385943         5.52687511956643508431E-0002
   0.00000000000000000000         1.09687481406079614585         8.28594878766569033527E-0002
   0.00000000000000000000         1.09444614240091095826        0.110397888729146009218      
   0.00000000000000000000         1.09132619509978337133        0.137866559908911674604      
   0.00000000000000000000         1.08751694278299985584        0.165248151614489741760      
   0.00000000000000000000         1.08302079145596892086        0.192525369045678359007      
   0.00000000000000000000         1.07784058098423652934        0.219680983327304474702      
   0.00000000000000000000         1.07197958329976615057        0.246697842391350669687      
   0.00000000000000000000         1.06544150033431640409        0.273558881810568944507      
   0.00000000000000000000         1.05823046168122161565        0.300247135576738717746      
   0.00000000000000000000         1.05035102198705215587        0.326745746816761257363      
   0.00000000000000000000         1.04180815807480204530        0.353037978439822030180      
   0.00000000000000000000         1.03260726580042088080        0.379107223708895992893      
   0.00000000000000000000         1.02275415664467556618        0.404937016729918635973      
   0.00000000000000000000         1.01225505404249450025        0.430511042851997594922      
   0.00000000000000000000         1.00111658945211268678        0.455813148972095832391      
   0.00000000000000000000        0.989345798166500578041        0.480827353737677732221      
   0.00000000000000000000        0.976950114869722245170        0.505537857640873895544      
   0.00000000000000000000        0.963937368941029571964        0.529929052997788948621      
   0.00000000000000000000        0.950315779509658509802        0.553985533806649216543      
   0.00000000000000000000        0.936093950263450888007        0.577692105478563646521      
   0.00000000000000000000        0.921280864014580766778        0.601033794434751823474      
   0.00000000000000000000        0.905885877025817735648        0.623995857564177262052      
   0.00000000000000000000        0.889918713100910812100        0.646563791535612332549      
   0.00000000000000000000        0.873389457442825579015        0.668723341958253119852      
   0.00000000000000000000        0.856308550283713831917        0.690460512385098175241      
   0.00000000000000000000        0.838686780290639181717        0.711761573153404434157      
   0.00000000000000000000        0.820535277751223700012        0.732613070056636477749      
   0.00000000000000000000        0.801865507543519696681        0.753001832842431750240      
   0.00000000000000000000        0.782689261894547010903        0.772914983531214234427      
   0.00000000000000000000        0.763018652932069678027        0.792339944550202370552      
   0.00000000000000000000        0.742866105034316429457        0.811264446677673605780      
   0.00000000000000000000        0.722244346982477106948        0.829676536792467804601      
   0.00000000000000000000        0.701166403920931641854        0.847564585423834770288      
   0.00000000000000000000        0.679645589130289691797        0.864917294096857229124      
   0.00000000000000000000        0.657695495618437258743        0.881723702468809753733      
   0.00000000000000000000        0.635329987534901563691        0.897973195251946144902      
   0.00000000000000000000        0.612563191413957049245        0.913655508918342694849      
   0.00000000000000000000        0.589409487252003552900        0.928760738182562404998      
   0.00000000000000000000        0.565883499424852367957        0.943279342258045572895      
   0.00000000000000000000        0.542000087450657031408        0.957202150883275074318      
   0.00000000000000000000        0.517774336604323167851        0.970520370113910087423      
   0.00000000000000000000        0.493221548389325530911        0.983225587877229822791      
   0.00000000000000000000        0.468357230872950444710        0.995309779285378952614      
   0.00000000000000000000        0.443197088891068115670         1.00676531170405878153      
   0.00000000000000000000        0.417757014128621688583         1.01758494957346266245      
   0.00000000000000000000        0.392053075082098423875         1.02776185897841065321      
   0.00000000000000000000        0.366101506910322913637         1.03728961196479681835      
   0.00000000000000000000        0.339918701179982793393         1.04616219059962281502      
   0.00000000000000000000        0.313521195512363895123         1.05437399077205336013      
   0.00000000000000000000        0.286925663137834185778         1.06191982573309274824      
   0.00000000000000000000        0.260148902364674102774         1.06879492937164668781      
   0.00000000000000000000        0.233207825968904999237         1.07499495922490022153      
   0.00000000000000000000        0.206119450511817310615         1.08051599922111031429      
   0.00000000000000000000        0.178900885591945720912         1.08535456215308070114      
   0.00000000000000000000        0.151569323038280011251         1.08950759188075669464      
   0.00000000000000000000        0.124142026051537390598         1.09297246526154874708      
   0.00000000000000000000         9.66363183003549137390E-0002   1.09574699380716553295      
   0.00000000000000000000         6.90695729792890649368E-0002   1.09782942506591006053      
   0.00000000000000000000         4.14592018355337094331E-0002   1.09921844372956572459      
   0.00000000000000000000         1.38226441712873728625E-0002   1.09991317246417316742      
   0.00000000000000000000        -1.38226441712838108366E-0002   1.09991317246417321220      
   0.00000000000000000000        -4.14592018355301496518E-0002   1.09921844372956585881      
   0.00000000000000000000        -6.90695729792855096617E-0002   1.09782942506591028420      
   0.00000000000000000000        -9.66363183003513652130E-0002   1.09574699380716584585      
   0.00000000000000000000       -0.124142026051533851051         1.09297246526154914910      
   0.00000000000000000000       -0.151569323038276482918         1.08950759188075718545      
   0.00000000000000000000       -0.178900885591942206037         1.08535456215308128054      
   0.00000000000000000000       -0.206119450511813811407         1.08051599922111098183      
   0.00000000000000000000       -0.233207825968901517918         1.07499495922490097678      
   0.00000000000000000000       -0.260148902364670641540         1.06879492937164753035      
   0.00000000000000000000       -0.286925663137830746797         1.06191982573309367751      
   0.00000000000000000000       -0.313521195512360480591         1.05437399077205437537      
   0.00000000000000000000       -0.339918701179979405451         1.04616219059962391581      
   0.00000000000000000000       -0.366101506910319554426         1.03728961196479800393      
   0.00000000000000000000       -0.392053075082095095510         1.02776185897841192292      
   0.00000000000000000000       -0.417757014128618393151         1.01758494957346401542      
   0.00000000000000000000       -0.443197088891064855257         1.00676531170406021679      
   0.00000000000000000000       -0.468357230872947221458        0.995309779285380469358      
   0.00000000000000000000       -0.493221548389322346772        0.983225587877231420038      
   0.00000000000000000000       -0.517774336604320024858        0.970520370113911764250      
   0.00000000000000000000       -0.542000087450653931511        0.957202150883276829587      
   0.00000000000000000000       -0.565883499424849313218        0.943279342258047405468      
   0.00000000000000000000       -0.589409487252000545161        0.928760738182564313736      
   0.00000000000000000000       -0.612563191413954090403        0.913655508918344678613      
   0.00000000000000000000       -0.635329987534898655590        0.897973195251948202447      
   0.00000000000000000000       -0.657695495618434403334        0.881723702468811883594      
   0.00000000000000000000       -0.679645589130286890815        0.864917294096859430163      
   0.00000000000000000000       -0.701166403920928897034        0.847564585423837040933      
   0.00000000000000000000       -0.722244346982474420024        0.829676536792470143604      
   0.00000000000000000000       -0.742866105034313802219        0.811264446677676011571      
   0.00000000000000000000       -0.763018652932067112046        0.792339944550204841557      
   0.00000000000000000000       -0.782689261894544507860        0.772914983531216769075      
   0.00000000000000000000       -0.801865507543517258093        0.753001832842434347013      
   0.00000000000000000000       -0.820535277751221327452        0.732613070056639135020      
   0.00000000000000000000       -0.838686780290636876758        0.711761573153407150192      
   0.00000000000000000000       -0.856308550283711595859        0.690460512385100948413      
   0.00000000000000000000       -0.873389457442823413376        0.668723341958255948264      
   0.00000000000000000000       -0.889918713100908718181        0.646563791535615214521      
   0.00000000000000000000       -0.905885877025815714912        0.623995857564180195741      
   0.00000000000000000000       -0.921280864014578820310        0.601033794434754807035      
   0.00000000000000000000       -0.936093950263449017162        0.577692105478566678058      
   0.00000000000000000000       -0.950315779509656715718        0.553985533806652294105      
   0.00000000000000000000       -0.963937368941027855780        0.529929052997792070310      
   0.00000000000000000000       -0.976950114869720607970        0.505537857640877059408      
   0.00000000000000000000       -0.989345798166499020910        0.480827353737680936147      
   0.00000000000000000000        -1.00111658945211121053        0.455813148972099074481      
   0.00000000000000000000        -1.01225505404249310607        0.430511042852000873062      
   0.00000000000000000000        -1.02275415664467425473        0.404937016729921948129      
   0.00000000000000000000        -1.03260726580041965305        0.379107223708899336925      
   0.00000000000000000000        -1.04180815807480090201        0.353037978439825404054      
   0.00000000000000000000        -1.05035102198705109779        0.326745746816764658885      
   0.00000000000000000000        -1.05823046168122064333        0.300247135576742144774      
   0.00000000000000000000        -1.06544150033431551819        0.273558881810572394899      
   0.00000000000000000000        -1.07197958329976535162        0.246697842391354141262      
   0.00000000000000000000        -1.07784058098423581788        0.219680983327307965237      
   0.00000000000000000000        -1.08302079145596829733        0.192525369045681866333      
   0.00000000000000000000        -1.08751694278299932067        0.165248151614493263642      
   0.00000000000000000000        -1.09132619509978292486        0.137866559908915208805      
   0.00000000000000000000        -1.09444614240091060069        0.110397888729149553543      
   0.00000000000000000000        -1.09687481406079587751         8.28594878766604555446E-0002
   0.00000000000000000000        -1.09861067607836368043         5.52687511956679086525E-0002
   0.00000000000000000000        -1.09965263204595828860         2.76431055868229242490E-0002
   0.00000000000000000000        -1.10000002384185791016         3.56230797321282682959E-0015
   0.00000000000000000000        -1.09965263204595846760        -2.76431055868158018844E-0002
   0.00000000000000000000        -1.09861067607836403843        -5.52687511956607930404E-0002
   0.00000000000000000000        -1.09687481406079641419        -8.28594878766533511676E-0002
   0.00000000000000000000        -1.09444614240091131583       -0.110397888729142464894      
   0.00000000000000000000        -1.09132619509978381781       -0.137866559908908140389      
   0.00000000000000000000        -1.08751694278300039089       -0.165248151614486219865      
   0.00000000000000000000        -1.08302079145596954438       -0.192525369045674851708      
   0.00000000000000000000        -1.07784058098423724079       -0.219680983327300984140      
   0.00000000000000000000        -1.07197958329976694952       -0.246697842391347198126      
   0.00000000000000000000        -1.06544150033431728999       -0.273558881810565494115      
   0.00000000000000000000        -1.05823046168122258796       -0.300247135576735290664      
   0.00000000000000000000        -1.05035102198705321405       -0.326745746816757855869      
   0.00000000000000000000        -1.04180815807480318870       -0.353037978439818656359      
   0.00000000000000000000        -1.03260726580042210855       -0.379107223708892648834      
   0.00000000000000000000        -1.02275415664467687752       -0.404937016729915323816      
   0.00000000000000000000        -1.01225505404249589442       -0.430511042851994316755      
   0.00000000000000000000        -1.00111658945211416281       -0.455813148972092590302      
   0.00000000000000000000       -0.989345798166502135172       -0.480827353737674528241      
   0.00000000000000000000       -0.976950114869723882315       -0.505537857640870731733      
   0.00000000000000000000       -0.963937368941031288093       -0.529929052997785826986      
   0.00000000000000000000       -0.950315779509660303831       -0.553985533806646138980      
   0.00000000000000000000       -0.936093950263452758852       -0.577692105478560615037      
   0.00000000000000000000       -0.921280864014582713192       -0.601033794434748839912      
   0.00000000000000000000       -0.905885877025819756438       -0.623995857564174328364      
   0.00000000000000000000       -0.889918713100912905911       -0.646563791535609450577      
   0.00000000000000000000       -0.873389457442827744709       -0.668723341958250291385      
   0.00000000000000000000       -0.856308550283716067976       -0.690460512385095402177      
   0.00000000000000000000       -0.838686780290641486785       -0.711761573153401718068      
   0.00000000000000000000       -0.820535277751226072571       -0.732613070056633820478      
   0.00000000000000000000       -0.801865507543522135214       -0.753001832842429153414      
   0.00000000000000000000       -0.782689261894549513946       -0.772914983531211699670      
   0.00000000000000000000       -0.763018652932072244009       -0.792339944550199899601      
   0.00000000000000000000       -0.742866105034319056750       -0.811264446677671200044      
   0.00000000000000000000       -0.722244346982479793818       -0.829676536792465465651      
   0.00000000000000000000       -0.701166403920934386675       -0.847564585423832499590      
   0.00000000000000000000       -0.679645589130292492887       -0.864917294096855028139      
   0.00000000000000000000       -0.657695495618440114207       -0.881723702468807623764      
   0.00000000000000000000       -0.635329987534904471684       -0.897973195251944087466      
   0.00000000000000000000       -0.612563191413960008087       -0.913655508918340711030      
   0.00000000000000000000       -0.589409487252006560694       -0.928760738182560496206      
   0.00000000000000000000       -0.565883499424855422751       -0.943279342258043740322      
   0.00000000000000000000       -0.542000087450660131250       -0.957202150883273319103      
   0.00000000000000000000       -0.517774336604326310845       -0.970520370113908410650      
   0.00000000000000000000       -0.493221548389328715050       -0.983225587877228225490      
   0.00000000000000000000       -0.468357230872953667988       -0.995309779285377435869      
   0.00000000000000000000       -0.443197088891071376028        -1.00676531170405734626      
   0.00000000000000000000       -0.417757014128624983961        -1.01758494957346130958      
   0.00000000000000000000       -0.392053075082101752240        -1.02776185897840938361      
   0.00000000000000000000       -0.366101506910326272875        -1.03728961196479563278      
   0.00000000000000000000       -0.339918701179986181362        -1.04616219059962171423      
   0.00000000000000000000       -0.313521195512367309709        -1.05437399077205234477      
   0.00000000000000000000       -0.286925663137837624786        -1.06191982573309181908      
   0.00000000000000000000       -0.260148902364677564035        -1.06879492937164584539      
   0.00000000000000000000       -0.233207825968908480569        -1.07499495922489946627      
   0.00000000000000000000       -0.206119450511820809837        -1.08051599922110964686      
   0.00000000000000000000       -0.178900885591949235787        -1.08535456215308012174      
   0.00000000000000000000       -0.151569323038283539556        -1.08950759188075620371      
   0.00000000000000000000       -0.124142026051540930145        -1.09297246526154834495      
   0.00000000000000000000        -9.66363183003584622852E-0002  -1.09574699380716521994      
   0.00000000000000000000        -6.90695729792926202187E-0002  -1.09782942506590983675      
   0.00000000000000000000        -4.14592018355372692043E-0002  -1.09921844372956559026      
   0.00000000000000000000        -1.38226441712909348902E-0002  -1.09991317246417312265      
   0.00000000000000000000         1.38226441712802488098E-0002  -1.09991317246417325687      
   0.00000000000000000000         4.14592018355265898772E-0002  -1.09921844372956599304      
   0.00000000000000000000         6.90695729792819543798E-0002  -1.09782942506591050787      
   0.00000000000000000000         9.66363183003478166735E-0002  -1.09574699380716615886      
   0.00000000000000000000        0.124142026051530311496        -1.09297246526154955113      
   0.00000000000000000000        0.151569323038272954585        -1.08950759188075767638      
   0.00000000000000000000        0.178900885591938691149        -1.08535456215308185994      
   0.00000000000000000000        0.206119450511810312199        -1.08051599922111164938      
   0.00000000000000000000        0.233207825968898036572        -1.07499495922490173193      
   0.00000000000000000000        0.260148902364667180279        -1.06879492937164837277      
   0.00000000000000000000        0.286925663137827307816        -1.06191982573309460667      
   0.00000000000000000000        0.313521195512357066058        -1.05437399077205539073      
   0.00000000000000000000        0.339918701179976017482        -1.04616219059962501671      
   0.00000000000000000000        0.366101506910316195216        -1.03728961196479918961      
   0.00000000000000000000        0.392053075082091767145        -1.02776185897841319252      
   0.00000000000000000000        0.417757014128615097745        -1.01758494957346536829      
   0.00000000000000000000        0.443197088891061594898        -1.00676531170406165206      
   0.00000000000000000000        0.468357230872943998179       -0.995309779285381986157      
   0.00000000000000000000        0.493221548389319162632       -0.983225587877233017339      
   0.00000000000000000000        0.517774336604316881918       -0.970520370113913441023      
   0.00000000000000000000        0.542000087450650831669       -0.957202150883278584802      
   0.00000000000000000000        0.565883499424846258424       -0.943279342258049238040      
   0.00000000000000000000        0.589409487251997537421       -0.928760738182566222528      
   0.00000000000000000000        0.612563191413951131561       -0.913655508918346662324      
   0.00000000000000000000        0.635329987534895747542       -0.897973195251950259937      
   0.00000000000000000000        0.657695495618431547871       -0.881723702468814013510      
   0.00000000000000000000        0.679645589130284089833       -0.864917294096861631147      
   0.00000000000000000000        0.701166403920926152268       -0.847564585423839311632      
   0.00000000000000000000        0.722244346982471733154       -0.829676536792472482554      
   0.00000000000000000000        0.742866105034311174926       -0.811264446677678417253      
   0.00000000000000000000        0.763018652932064546119       -0.792339944550207312616      
   0.00000000000000000000        0.782689261894542004816       -0.772914983531219303831      
   0.00000000000000000000        0.801865507543514819560       -0.753001832842436943840      
   0.00000000000000000000        0.820535277751218954947       -0.732613070056641792237      
   0.00000000000000000000        0.838686780290634571690       -0.711761573153409866281      
   0.00000000000000000000        0.856308550283709359855       -0.690460512385103721477      
   0.00000000000000000000        0.873389457442821247736       -0.668723341958258776676      
   0.00000000000000000000        0.889918713100906624315       -0.646563791535618096439      
   0.00000000000000000000        0.905885877025813694068       -0.623995857564183129375      
   0.00000000000000000000        0.921280864014576873896       -0.601033794434757790543      
   0.00000000000000000000        0.936093950263447146371       -0.577692105478569709596      
   0.00000000000000000000        0.950315779509654921689       -0.553985533806655371667      
   0.00000000000000000000        0.963937368941026139651       -0.529929052997795191999      
   0.00000000000000000000        0.976950114869718970825       -0.505537857640880223219      
   0.00000000000000000000        0.989345798166497463724       -0.480827353737684140100      
   0.00000000000000000000         1.00111658945210973450       -0.455813148972102316571      
   0.00000000000000000000         1.01225505404249171190       -0.430511042852004151228      
   0.00000000000000000000         1.02275415664467294338       -0.404937016729925260258      
   0.00000000000000000000         1.03260726580041842530       -0.379107223708902681011      
   0.00000000000000000000         1.04180815807479975872       -0.353037978439828777901      
   0.00000000000000000000         1.05035102198705003961       -0.326745746816768060407      
   0.00000000000000000000         1.05823046168121967091       -0.300247135576745571801      
   0.00000000000000000000         1.06544150033431463229       -0.273558881810575845291      
   0.00000000000000000000         1.07197958329976455267       -0.246697842391357612823      
   0.00000000000000000000         1.07784058098423510643       -0.219680983327311455785      
   0.00000000000000000000         1.08302079145596767391       -0.192525369045685373659      
   0.00000000000000000000         1.08751694278299878551       -0.165248151614496785523      
   0.00000000000000000000         1.09132619509978247838       -0.137866559908918743046      
   0.00000000000000000000         1.09444614240091024323       -0.110397888729153097861      
   0.00000000000000000000         1.09687481406079560917        -8.28594878766640077230E-0002
   0.00000000000000000000         1.09861067607836350142        -5.52687511956714664620E-0002
   0.00000000000000000000         1.09965263204595819905        -2.76431055868264854330E-0002
